camera_matrix:
- - 1036.4984506141645
  - 0.0
  - 682.2156087109959
- - 0.0
  - 1049.2124845172325
  - 286.6764120866005
- - 0.0
  - 0.0
  - 1.0
dist_coeff:
- - 0.0838265856696677
  - -0.2905946392313092
  - -0.004318813203531777
  - 0.003099054548582067
  - 0.39443708366871544
